Lx/Data/Eckmiller_2011.ecsv
# %ECSV 0.9
# ---
# datatype:
# - {name: Group Name, datatype: string}
# - {name: z, datatype: float64}
# - {name: Lx, unit: 1e+44 erg / (littleh2 s), datatype: string}
# - {name: Lxerr, unit: '%', datatype: string}
# - {name: Core, datatype: string}
# - {name: T, unit: keV, datatype: float64}
# - {name: Terr, unit: keV, datatype: float64}
# - {name: R2500, unit: Mpc / littleh, datatype: float64}
# - {name: R2500err, unit: Mpc / littleh, datatype: float64}
# - {name: M2500, unit: 1e+13 solMass / littleh, datatype: float64}
# - {name: M2500err, unit: 1e+13 solMass / littleh, datatype: float64}
# - {name: R500, unit: Mpc / littleh, datatype: float64}
# - {name: R500err, unit: Mpc / littleh, datatype: float64}
# - {name: M500, unit: 1e+13 solMass / littleh, datatype: float64}
# - {name: M500err, unit: 1e+13 solMass / littleh, datatype: float64}
# - {name: Mg2500, unit: 1e+13 solMass / littleh(5/2), datatype: float64}
# - {name: Mg2500err, unit: 1e+13 solMass / littleh(5/2), datatype: float64}
# - {name: Mg500, unit: 1e+13 solMass / littleh(5/2), datatype: float64}
# - {name: Mg500err, unit: 1e+13 solMass / littleh(5/2), datatype: float64}
# - {name: fg2500, unit: 1 / littleh(3/2), datatype: float64}
# - {name: fg2500err, unit: 1 / littleh(3/2), datatype: float64}
# - {name: fg500, unit: 1 / littleh(3/2), datatype: float64}
# - {name: fg500err, unit: 1 / littleh(3/2), datatype: float64}
# - {name: Z, unit: Zsun, datatype: float64}
# - {name: Zerr, unit: Zsun, datatype: float64}
# schema: astropy-2.0
"Group Name" z Lx Lxerr Core T Terr R2500 R2500err M2500 M2500err R500 R500err M500 M500err Mg2500 Mg2500err Mg500 Mg500err fg2500 fg2500err fg500 fg500err Z Zerr
A0160 0.0447 0.198 14.1 - 1.77 0.05 0.255 0.007 2.35 0.19 0.55 0.024 4.79 0.61 0.101 0.001 0.419 0.009 0.043 0.004 0.087 0.011 0.17 0.02
A1177 0.0316 0.090 14.3 - 1.61 0.04 0.28 0.015 3.12 0.5 0.625 0.047 7.02 1.58 0.095 0.005 0.251 0.035 0.03 0.005 0.036 0.009 0.35 0.04
ESO552020 0.033456 0.142 11.8 - 1.96 0.05 0.265 0.006 2.66 0.18 0.58 0.025 5.58 0.75 0.123 0.002 0.456 0.011 0.046 0.003 0.082 0.011 0.39 0.04
HCG62 0.0137 0.031 13.2 2.00 1.31 0.01 0.22 0.009 1.54 0.17 0.465 0.014 2.88 0.28 0.018 0.001 0.049 0.009 0.012 0.002 0.017 0.003 0.22 0.01
HCG97 0.0218 0.030 38.8 - 0.81 0.01 0.225 0.006 1.66 0.12 0.52 0.015 4.03 0.3 0.03 0.002 0.069 0.007 0.018 0.002 0.017 0.002 0.15 0.01
IC1262 0.034394 0.248 5.1 0.85 1.79 0.02 0.275 0.006 2.96 0.2 0.66 0.013 8.28 0.48 0.172 0.005 0.545 0.03 0.058 0.004 0.066 0.005 0.24 0.01
IC1633 0.02425 0.179 8.0 - 2.99 0.08 0.335 0.015 5.35 0.74 0.845 0.06 17.29 3.91 0.196 0.004 0.829 0.045 0.037 0.005 0.048 0.011 0.35 0.04
MKW4 0.02 0.203 1.7 0.68 1.86 0.03 0.32 0.012 4.67 0.52 0.69 0.029 9.48 1.18 0.069 0.004 0.128 0.003 0.015 0.002 0.013 0.002 0.49 0.03
MKW8 0.027 0.414 8.4 - 2.84 0.07 0.31 0.009 4.25 0.39 0.695 0.037 9.65 1.61 0.191 0.003 0.749 0.022 0.045 0.004 0.078 0.013 0.41 0.04
NGC1132 0.024213 0.075 16.2 - 1.08 0.01 0.19 0.007 0.99 0.12 0.44 0.023 2.47 0.43 0.039 0.001 0.17 0.007 0.04 0.005 0.069 0.012 0.31 0.02
NGC1550 0.0123 0.156 5.4 0.59 1.33 0.0 0.21 0.005 1.32 0.09 0.445 0.01 2.52 0.19 0.054 0.001 0.172 0.007 0.041 0.003 0.068 0.006 0.28 0.0
NGC326 0.047 0.230 12.9 - 1.67 0.04 0.23 0.01 1.72 0.23 0.53 0.036 4.29 0.89 0.013 0.001 0.067 0.003 0.007 0.001 0.016 0.003 0.21 0.02
NGC4325 0.0257 0.105 7.8 0.67 0.98 0.01 0.195 0.003 1.05 0.04 0.43 0.006 2.28 0.1 0.043 0.001 0.129 0.006 0.041 0.002 0.056 0.003 0.39 0.02
NGC4936 0.0117 0.025 13.6 - 0.89 0.02 0.155 0.007 0.54 0.08 0.355 0.026 1.3 0.31 0.018 0.001 0.087 0.004 0.033 0.005 0.067 0.016 0.17 0.02
NGC507 0.01902 0.129 1.3 1.41 1.32 0.01 0.205 0.004 1.23 0.07 0.47 0.021 2.98 0.41 0.068 0.001 0.291 0.007 0.056 0.003 0.098 0.014 0.28 0.01
NGC5129 0.023176 0.037 17.1 - 0.81 0.01 0.21 0.009 1.34 0.17 0.49 0.027 3.36 0.54 0.02 0.001 0.048 0.005 0.015 0.002 0.014 0.003 0.3 0.03
NGC533 0.017385 0.032 15.9 1.02 1.33 0.01 0.22 0.013 1.52 0.24 0.48 0.032 3.2 0.58 0.024 0.002 0.08 0.013 0.016 0.003 0.025 0.006 0.28 0.02
NGC5419 0.014 0.032 14.4 - 2.09 0.04 0.22 0.009 1.52 0.18 0.48 0.03 3.2 0.61 0.059 0.002 0.314 0.012 0.039 0.005 0.098 0.019 0.32 0.03
NGC6269 0.034424 0.190 8.2 1.62 1.87 0.06 0.225 0.009 1.62 0.19 0.57 0.025 5.3 0.75 0.082 0.002 0.492 0.012 0.051 0.006 0.093 0.013 0.26 0.03
NGC6338 0.028236 0.257 15.4 1.92 2.0 0.03 0.295 0.005 3.62 0.19 0.58 0.019 5.61 0.54 0.147 0.002 0.41 0.011 0.041 0.002 0.073 0.007 0.17 0.01
NGC6482 0.013129 0.010 10.9 - 0.62 0.01 0.125 0.002 0.29 0.02 0.265 0.005 0.52 0.03 0.007 0.001 0.023 0.001 0.026 0.002 0.043 0.004 0.61 0.2
NGC777 0.016728 0.021 14.0 - 0.73 0.01 0.18 0.005 0.83 0.05 0.395 0.015 1.76 0.13 0.021 0.003 0.053 0.008 0.025 0.004 0.03 0.005 0.32 0.06
RXCJ1022.0+3830 0.0491 0.188 28.3 - 1.74 0.04 0.26 0.012 2.55 0.35 0.59 0.034 5.89 0.99 0.112 0.003 0.405 0.031 0.044 0.006 0.069 0.013 0.19 0.03
RXCJ2214.8+1350 0.0263 0.047 18.1 - 1.34 0.01 0.23 0.006 1.74 0.18 0.605 0.026 6.4 1.05 0.053 0.001 0.289 0.008 0.03 0.003 0.045 0.008 0.21 0.01
S0463 0.0394 0.148 16.5 - 1.97 0.06 0.265 0.009 2.71 0.27 0.565 0.019 5.22 0.54 0.118 0.002 0.503 0.018 0.043 0.004 0.096 0.011 0.15 0.02
SS2B153 0.0154 0.059 6.8 - 0.81 0.0 0.18 0.005 0.86 0.06 0.4 0.014 1.84 0.17 0.029 0.001 0.083 0.003 0.033 0.002 0.045 0.004 0.51 0.03
