Lx/Data/Osmond_2004.ecsv
# %ECSV 0.9
# ---
# datatype:
# - {name: Tx, unit: keV, datatype: float64}
# - {name: Z, unit: Zsun, datatype: float64}
# - {name: LogLxcut, unit: erg / s, datatype: float64}
# - {name: LogLx500, unit: erg / s, datatype: float64}
# - {name: Txerr, unit: keV, datatype: float64}
# - {name: Zerr, unit: Zsun, datatype: float64}
# - {name: LogLxcuterr, unit: erg / s, datatype: float64}
# - {name: LogLx500err, unit: erg / s, datatype: float64}
# - {name: Group, datatype: string}
# schema: astropy-2.0
Tx Z LogLxcut LogLx500 Txerr Zerr LogLxcuterr LogLx500err Group
0.97 0.3 41.21 41.41 0.22 0.98 0.1 0.1 "NGC 315"
1.51 0.42 43.07 43.1 0.06 0.08 0.01 0.01 "NGC 383"
0.65 0.22 41.05 41.33 0.07 0.15 0.05 0.05 "NGC 524"
1.08 0.68 42.67 42.73 0.05 0.23 0.03 0.03 "NGC 533"
0.19 0.0 41.7 41.82 0.07 0.01 0.14 0.14 "HCG 10"
0.52 0.18 41.2 41.43 0.03 0.02 0.02 0.02 "NGC 720"
1.21 2.0 42.44 42.5 0.09 0.67 0.06 0.06 "NGC 741"
0.93 0.05 42.12 42.25 0.13 0.03 0.05 0.05 "HCG 15"
0.32 0.13 41.3 41.43 0.07 0.13 0.11 0.11 "HCG 16"
0.41 0.0 40.08 40.53 0.15 0.02 0.15 0.15 "NGC 1052"
0.26 2.0 40.68 41.03 0.04 0.51 0.13 0.13 "HCG 22"
0.56 0.15 40.81 40.93 0.03 0.03 0.02 0.02 "NGC 1332"
1.02 0.23 41.69 41.92 0.04 0.05 0.02 0.02 "NGC 1407"
0.7 0.0 40.41 40.85 0.11 0.02 0.05 0.05 "NGC 1566"
0.96 0.47 41.18 41.53 0.17 1.24 0.09 0.09 "NGC 1587"
1.05 0.64 42.5 42.66 0.04 0.2 0.03 0.03 "NGC 2563"
0.75 0.29 41.99 42.07 0.04 0.1 0.02 0.02 "HCG 42"
0.74 0.15 40.53 40.99 0.14 0.1 0.08 0.08 "NGC 3396"
0.24 0.0 42.04 42.11 0.02 0.01 0.04 0.04 "NGC 3557"
0.35 0.23 41.05 41.5 0.04 0.1 0.05 0.05 "NGC 3607"
0.47 0.17 41.11 41.32 0.1 0.14 0.08 0.08 "NGC 3665"
0.52 0.18 40.98 41.07 0.03 0.05 0.02 0.02 "NGC 3923"
1.22 0.97 42.64 42.78 0.08 0.48 0.05 0.05 "NGC 4065"
1.52 0.7 43.41 43.48 0.09 0.15 0.02 0.02 "NGC 4073"
1.3 1.23 41.92 42.3 0.07 0.42 0.03 0.03 "NGC 4261"
0.82 0.5 43.15 43.18 0.02 0.08 0.01 0.01 "NGC 4325"
0.6 0.08 41.61 41.84 0.07 0.03 0.05 0.05 "NGC 4589"
0.36 0.1 40.44 40.74 0.14 0.15 0.14 0.14 "NGC 4565$^{\dagger}$"
0.84 0.41 41.49 41.71 0.02 0.05 0.02 0.02 "NGC 4636"
0.32 0.07 41.01 41.3 0.03 0.02 0.02 0.02 "NGC 4697"
0.5 0.0 40.63 41.08 0.07 0.01 0.06 0.06 "NGC 4725"
1.43 2.0 43.14 43.2 0.08 0.56 0.04 0.04 "HCG 62"
1.21 0.69 43.01 43.09 0.02 0.06 0.01 0.01 "NGC 5044"
0.84 0.66 42.33 42.6 0.06 0.28 0.04 0.04 "NGC 5129"
1.07 1.47 42.38 42.45 0.09 1.25 0.06 0.06 "NGC 5171"
0.68 0.22 42.02 42.07 0.08 0.13 0.07 0.07 "HCG 67"
0.23 0.0 40.71 41.0 0.07 0.02 0.1 0.1 "NGC 5322"
0.58 0.09 41.52 41.77 0.06 0.02 0.04 0.04 "HCG 68"
0.73 1.25 41.9 42.04 0.02 0.69 0.02 0.02 "NGC 5846"
0.97 0.17 40.73 41.19 0.27 0.12 0.07 0.07 "NGC 5930"
0.53 0.0 40.33 40.71 0.2 0.02 0.13 0.13 "NGC 7144$^{\dagger}$"
0.46 0.08 41.49 41.79 0.06 0.03 0.05 0.05 "HCG 90"
0.71 0.2 41.99 42.19 0.06 0.13 0.04 0.04 "HCG 92"
0.39 0.04 41.28 41.46 0.04 0.01 0.04 0.04 "IC  1459"
0.82 0.23 42.37 42.43 0.06 0.1 0.05 0.05 "HCG 97"
