Lx/Data/Pratt_2009.ecsv
# %ECSV 0.9
# ---
# datatype:
# - {name: T1, unit: keV, datatype: float64}
# - {name: L1, unit: 1e+44 erg / s, datatype: float64}
# - {name: T2, unit: keV, datatype: float64}
# - {name: L2, unit: 1e+44 erg / s, datatype: float64}
# - {name: T3, unit: keV, datatype: float64}
# - {name: Y_X, unit: 1e+13 keV solMass, datatype: float64}
# - {name: T1_lerr, unit: keV, datatype: float64}
# - {name: T1_uerr, unit: keV, datatype: float64}
# - {name: L1_lerr, unit: 1e+44 erg / s, datatype: float64}
# - {name: L1_uerr, unit: 1e+44 erg / s, datatype: float64}
# - {name: T2_lerr, unit: keV, datatype: float64}
# - {name: T2_uerr, unit: keV, datatype: float64}
# - {name: L2_lerr, unit: 1e+44 erg / s, datatype: float64}
# - {name: L2_uerr, unit: 1e+44 erg / s, datatype: float64}
# - {name: T3_lerr, unit: keV, datatype: float64}
# - {name: T3_uerr, unit: keV, datatype: float64}
# - {name: Y_X_lerr, unit: 1e+13 keV solMass, datatype: float64}
# - {name: Y_X_uerr, unit: 1e+13 keV solMass, datatype: float64}
# - {name: Cluster, datatype: string}
# - {name: z, datatype: float64}
# - {name: R_500, unit: kpc, datatype: float64}
# schema: astropy-2.0
T1 L1 T2 L2 T3 Y_X T1_lerr T1_uerr L1_lerr L1_uerr T2_lerr T2_uerr L2_lerr L2_uerr T3_lerr T3_uerr Y_X_lerr Y_X_uerr Cluster z R_500
3.85 1.88 3.64 1.16 3.87 7.69 -0.09 0.09 -0.01 0.01 -0.09 0.09 -0.01 0.01 -0.1 0.1 -0.26 0.26 RXC\,J0003.8+0203 0.0924 876.7
5.03 4.13 4.6 3.18 5.18 22.74 -0.19 0.19 -0.05 0.05 -0.16 0.21 -0.05 0.05 -0.2 0.2 -1.21 1.22 RXC\,J0006.0-3443 0.1147 1059.3
5.69 6.52 5.24 4.07 5.55 22.41 -0.11 0.11 -0.04 0.04 -0.15 0.15 -0.04 0.04 -0.13 0.13 -0.63 0.65 RXC\,J0020.7-2542 0.141 1045.3
3.09 1.78 2.79 1.0 3.03 5.09 -0.1 0.1 -0.02 0.02 -0.11 0.11 -0.02 0.02 -0.12 0.12 -0.24 0.25 RXC\,J0049.4-2931 0.1084 807.8
5.53 5.0 5.51 3.88 5.63 26.61 -0.13 0.13 -0.03 0.03 -0.16 0.16 -0.03 0.03 -0.14 0.14 -0.87 0.89 RXC\,J0145.0-5300 0.1168 1089.3
2.07 0.81 2.02 0.48 2.07 2.03 -0.0 0.07 -0.01 0.01 -0.06 0.06 -0.01 0.01 -0.05 0.05 -0.06 0.06 RXC\,J0211.4-4017 0.1008 685.0
2.47 0.51 2.61 0.31 2.67 2.0 -0.06 0.15 -0.01 0.01 -0.16 0.16 -0.01 0.01 -0.13 0.13 -0.12 0.12 RXC\,J0225.1-2928 0.0604 693.9
2.19 0.77 2.15 0.37 2.3 1.91 -0.04 0.04 -0.01 0.01 -0.08 0.08 -0.01 0.01 -0.06 0.09 -0.06 0.09 RXC\,J0345.7-4112 0.0603 688.4
6.02 8.97 5.68 5.76 6.06 35.54 -0.11 0.11 -0.04 0.04 -0.11 0.11 -0.04 0.04 -0.14 0.14 -0.99 1.02 RXC\,J0547.6-3152 0.1483 1133.7
4.56 9.54 4.81 4.26 4.91 22.39 -0.05 0.05 -0.04 0.04 -0.12 0.12 -0.04 0.04 -0.11 0.11 -0.63 0.66 RXC\,J0605.8-3518 0.1392 1045.9
4.22 2.38 4.16 1.88 4.17 11.81 -0.1 0.1 -0.02 0.02 -0.12 0.12 -0.02 0.02 -0.11 0.11 -0.41 0.39 RXC\,J0616.8-4748 0.1164 939.2
6.95 18.88 6.97 11.39 7.27 71.61 -0.13 0.13 -0.1 0.1 -0.19 0.19 -0.09 0.09 -0.18 0.18 -2.33 2.35 RXC\,J0645.4-5413 0.1644 1280.0
2.68 0.77 2.44 0.54 2.84 3.34 -0.09 0.09 -0.01 0.01 -0.12 0.12 -0.01 0.01 -0.1 0.1 -0.15 0.15 RXC\,J0821.8+0112 0.0822 755.9
5.34 11.56 5.85 5.25 6.3 28.04 -0.21 0.21 -0.15 0.15 -0.4 0.45 -0.16 0.16 -0.44 0.5 -2.3 2.67 RXC\,J0958.3-1103 0.1669 1077.4
3.41 7.42 3.52 3.0 3.57 11.77 -0.03 0.03 -0.02 0.02 -0.05 0.05 -0.02 0.02 -0.05 0.05 -0.19 0.19 RXC\,J1044.5-0704 0.1342 931.9
3.31 3.75 3.4 1.7 3.54 8.6 -0.03 0.03 -0.01 0.01 -0.06 0.06 -0.01 0.01 -0.05 0.05 -0.15 0.16 RXC\,J1141.4-1216 0.1195 885.2
2.7 1.03 2.57 0.61 2.73 3.27 -0.05 0.05 -0.01 0.01 -0.03 0.11 -0.01 0.01 -0.01 0.09 -0.02 0.15 RXC\,J1236.7-3354 0.0796 753.5
2.97 1.38 2.92 0.83 3.44 6.07 -0.07 0.06 -0.01 0.01 -0.07 0.09 -0.01 0.01 -0.07 0.07 -0.18 0.19 RXC\,J1302.8-0230 0.0847 842.1
8.91 36.06 8.24 15.13 8.44 88.18 -0.08 0.08 -0.08 0.08 -0.13 0.13 -0.07 0.07 -0.12 0.12 -1.5 1.51 RXC\,J1311.4-0120 0.1832 1319.2
4.51 4.12 4.18 2.77 4.48 15.81 -0.06 0.06 -0.02 0.02 -0.08 0.08 -0.02 0.02 -0.07 0.07 -0.31 0.3 RXC\,J1516.3+0005 0.1181 989.9
3.55 2.31 3.4 1.77 3.74 11.08 -0.07 0.07 -0.02 0.02 -0.08 0.08 -0.02 0.02 -0.09 0.1 -0.36 0.41 RXC\,J1516.5-0056 0.1198 927.0
4.78 21.06 5.63 7.52 5.73 39.89 -0.05 0.05 -0.07 0.07 -0.11 0.11 -0.07 0.07 -0.1 0.1 -0.82 0.78 RXC\,J2014.8-2430 0.1538 1155.3
2.71 0.61 2.46 0.4 2.72 2.81 -0.09 0.09 -0.01 0.01 -0.12 0.12 -0.01 0.01 -0.09 0.09 -0.12 0.13 RXC\,J2023.0-2056 0.0564 739.5
4.65 5.13 4.59 4.4 5.01 26.91 -0.07 0.13 -0.03 0.03 -0.08 0.08 -0.03 0.03 -0.11 0.11 -0.8 0.81 RXC\,J2048.1-1750 0.1475 1078.0
3.81 1.46 3.64 1.19 3.88 8.67 -0.15 0.15 -0.02 0.02 -0.12 0.16 -0.02 0.02 -0.14 0.14 -0.41 0.4 RXC\,J2129.8-5048 0.0796 900.6
3.26 3.56 3.4 1.58 3.5 8.65 -0.04 0.04 -0.02 0.02 -0.08 0.08 -0.02 0.02 -0.07 0.07 -0.32 0.32 RXC\,J2149.1-3041 0.1184 886.6
2.46 0.45 2.3 0.37 2.76 3.07 -0.08 0.08 -0.01 0.01 -0.06 0.1 -0.01 0.01 -0.07 0.07 -0.11 0.11 RXC\,J2157.4-0747 0.0579 751.5
4.86 6.12 4.45 3.7 4.65 20.32 -0.09 0.09 -0.03 0.03 -0.09 0.09 -0.03 0.03 -0.08 0.1 -0.47 0.54 RXC\,J2217.7-3543 0.1486 1022.6
5.84 9.43 5.88 5.6 6.16 34.36 -0.11 0.11 -0.06 0.06 -0.15 0.2 -0.06 0.06 -0.19 0.19 -1.33 1.3 RXC\,J2218.6-3853 0.1411 1130.1
7.78 19.15 6.95 12.36 7.3 70.43 -0.15 0.15 -0.11 0.11 -0.14 0.14 -0.1 0.1 -0.12 0.12 -1.54 1.51 RXC\,J2234.5-3744 0.151 1283.2
2.22 2.0 2.48 0.97 2.52 4.37 -0.03 0.03 -0.02 0.02 -0.08 0.08 -0.01 0.01 -0.07 0.07 -0.16 0.16 RXC\,J2319.6-7313 0.0984 788.7
