Lx/Data/Sun_2009.ecsv
# %ECSV 0.9
# ---
# datatype:
# - {name: Group, datatype: string}
# - {name: T500, unit: keV, datatype: float64}
# - {name: T500_lerr, unit: keV, datatype: float64}
# - {name: T500_uerr, unit: keV, datatype: float64}
# - {name: T2500, unit: keV, datatype: float64}
# - {name: T2500_lerr, unit: keV, datatype: float64}
# - {name: T2500_uerr, unit: keV, datatype: float64}
# - {name: R500, unit: kpc, datatype: int64}
# - {name: R500_lerr, unit: kpc, datatype: float64}
# - {name: R500_uerr, unit: kpc, datatype: float64}
# - {name: R2500, unit: kpc, datatype: int64}
# - {name: R2500_lerr, unit: kpc, datatype: int64}
# - {name: R2500_uerr, unit: kpc, datatype: int64}
# - {name: M500, unit: 1e+13 solMass, datatype: float64}
# - {name: M500_lerr, unit: 1e+13 solMass, datatype: float64}
# - {name: M500_uerr, unit: 1e+13 solMass, datatype: float64}
# - {name: fg500, datatype: float64}
# - {name: fg500_lerr, datatype: float64}
# - {name: fg500_uerr, datatype: float64}
# - {name: fg2500, datatype: float64}
# - {name: fg2500_lerr, datatype: float64}
# - {name: fg2500_uerr, datatype: float64}
# - {name: K500, unit: cm2 keV, datatype: float64}
# - {name: K500_lerr, unit: cm2 keV, datatype: float64}
# - {name: K500_uerr, unit: cm2 keV, datatype: float64}
# - {name: K2500, unit: cm2 keV, datatype: int64}
# - {name: K2500_lerr, unit: cm2 keV, datatype: int64}
# - {name: K2500_uerr, unit: cm2 keV, datatype: int64}
# schema: astropy-2.0
Group T500 T500_lerr T500_uerr T2500 T2500_lerr T2500_uerr R500 R500_lerr R500_uerr R2500 R2500_lerr R2500_uerr M500 M500_lerr M500_uerr fg500 fg500_lerr fg500_uerr fg2500 fg2500_lerr fg2500_uerr K500 K500_lerr K500_uerr K2500 K2500_lerr K2500_uerr
"3C 449" 0.97 -0.05 0.04 1.08 -0.04 0.04 437 nan nan 211 -21 11 nan nan nan nan nan nan 0.041 -0.004 0.006 nan nan nan 199 -27 22
3C~442A 1.34 -0.04 0.04 1.61 -0.06 0.05 495 -16.0 12.0 277 -15 16 3.9 -0.4 0.22 0.068 -0.003 0.006 0.028 -0.002 0.003 455.0 -77.0 49.0 419 -37 33
A1139 2.01 -0.34 0.33 2.2 -0.33 0.35 650 nan nan 298 -36 37 nan nan nan nan nan nan 0.026 -0.008 0.016 nan nan nan 431 -100 112
A1177 1.37 -0.07 0.06 1.48 -0.07 0.06 550 -27.0 29.0 264 -25 20 5.28 -0.73 0.84 0.06 -0.007 0.009 0.037 -0.004 0.004 648.0 -111.0 130.0 317 -45 28
A1238 2.51 -0.32 0.27 2.88 -0.36 0.35 725 nan nan 272 -59 63 nan nan nan nan nan nan 0.035 -0.008 0.008 nan nan nan 584 -91 114
A1275 1.46 -0.07 0.08 1.63 -0.07 0.06 592 -50.0 87.0 202 -9 12 6.9 -1.67 3.0 0.094 -0.031 0.018 0.069 -0.004 0.004 464.0 -98.0 278.0 231 -17 18
A160 1.68 -0.1 0.1 2.05 -0.06 0.07 626 -31.0 27.0 286 -23 25 7.9 -1.1 1.06 0.085 -0.008 0.009 0.043 -0.004 0.003 477.0 -90.0 86.0 379 -25 33
A1692 2.61 -0.24 0.16 3.06 -0.22 0.25 658 -47.0 64.0 356 -32 42 9.7 -1.91 2.99 0.09 -0.02 0.014 0.043 -0.006 0.006 622.0 -176.0 202.0 576 -120 126
A1991 2.68 -0.08 0.1 2.86 -0.07 0.07 749 -35.0 45.0 348 -10 13 13.4 -1.9 2.5 0.094 -0.012 0.01 0.066 -0.004 0.004 752.0 -275.0 252.0 463 -63 43
A2092 1.67 -0.12 0.13 2.14 -0.21 0.17 659 -40.0 45.0 283 -24 34 8.95 -1.62 1.81 0.078 -0.013 0.013 0.05 -0.007 0.006 423.0 -140.0 192.0 401 -57 69
A2462 2.32 -0.1 0.12 2.62 -0.09 0.09 646 -30.0 30.0 327 -12 13 8.8 -1.19 1.29 0.099 -0.009 0.011 0.052 -0.003 0.003 627.0 -118.0 102.0 422 -40 48
A2550 1.95 -0.1 0.1 2.05 -0.08 0.08 617 -27.0 74.0 286 -9 9 7.9 -1.0 2.9 0.093 -0.016 0.011 0.067 -0.004 0.003 704.0 -128.0 132.0 331 -26 27
A262 1.94 -0.15 0.11 2.18 -0.07 0.06 644 nan nan 288 -16 17 nan nan nan nan nan nan 0.064 -0.007 0.005 nan nan nan 354 -29 43
A2717 2.43 -0.12 0.13 2.6 -0.09 0.08 732 -32.0 49.0 342 -11 13 12.9 -1.7 2.7 0.076 -0.01 0.01 0.053 -0.003 0.003 1022.0 -181.0 163.0 502 -41 40
A3581 1.68 -0.09 0.1 1.85 -0.07 0.12 593 nan nan 259 -17 22 nan nan nan nan nan nan 0.067 -0.007 0.006 nan nan nan 298 -41 49
A3880 2.49 -0.12 0.14 2.75 -0.11 0.11 799 -68.0 89.0 309 -12 24 14.9 -3.5 5.0 0.088 -0.021 0.016 0.074 -0.007 0.005 624.0 -236.0 198.0 420 -35 44
A744 2.24 -0.16 0.19 2.49 -0.16 0.16 681 nan nan 325 -24 30 nan nan nan nan nan nan 0.046 -0.006 0.005 nan nan nan 470 -63 72
AS1101 2.57 -0.11 0.14 2.69 -0.09 0.1 768 -65.0 90.0 362 -18 21 14.1 -3.4 5.0 0.114 -0.02 0.021 0.085 -0.008 0.008 476.0 -218.0 457.0 386 -36 39
ESO~306-017 2.37 -0.14 0.12 2.54 -0.1 0.08 690 -30.0 44.0 337 -14 16 10.3 -1.3 2.1 0.081 -0.011 0.01 0.052 -0.004 0.003 914.0 -192.0 203.0 475 -38 44
ESO~351-021 1.14 -0.04 0.07 1.34 -0.03 0.07 437 -38.0 78.0 194 -35 28 3.22 -0.9 1.8 0.074 -0.018 0.013 0.036 -0.005 0.007 309.0 -84.0 105.0 289 -38 35
ESO~552-020 1.72 -0.09 0.13 1.97 -0.09 0.09 598 nan nan 297 -24 27 nan nan nan nan nan nan 0.039 -0.005 0.005 nan nan nan 460 -61 58
HCG~51 1.06 -0.03 0.04 1.15 -0.03 0.04 460 nan nan 275 -14 13 nan nan nan nan nan nan 0.028 -0.003 0.003 nan nan nan 303 -47 49
IC~1262 1.73 -0.05 0.06 1.91 -0.05 0.06 600 nan nan 330 -40 20 nan nan nan nan nan nan 0.045 -0.01 0.004 nan nan nan 411 -63 70
MKW4 1.58 -0.09 0.09 1.75 -0.04 0.05 538 -29.0 24.0 259 -8 12 4.85 -0.68 0.71 0.086 -0.009 0.009 0.047 -0.003 0.002 574.0 -96.0 54.0 332 -24 31
NGC~1132 0.99 -0.04 0.04 1.08 -0.03 0.03 442 nan nan 215 -11 11 nan nan nan nan nan nan 0.039 -0.002 0.005 nan nan nan 238 -26 26
NGC~1550 1.06 -0.02 0.02 1.18 -0.02 0.02 465 -19.0 15.0 222 -6 6 3.18 -0.37 0.32 0.097 -0.009 0.012 0.056 -0.003 0.003 297.0 -42.0 46.0 198 -8 9
NGC~3402 0.74 -0.03 0.03 0.8 -0.02 0.02 380 nan nan 205 -22 62 nan nan nan nan nan nan 0.032 -0.014 0.008 nan nan nan 226 -52 100
NGC~383 1.67 -0.11 0.13 1.89 -0.1 0.17 593 nan nan 252 -20 35 nan nan nan nan nan nan 0.031 -0.004 0.003 nan nan nan 448 -39 71
NGC~4104 1.41 -0.06 0.09 1.64 -0.08 0.05 535 -20.0 19.0 274 -12 12 4.85 -0.53 0.55 0.069 -0.006 0.009 0.036 -0.003 0.003 571.0 -85.0 74.0 360 -29 26
NGC~4325 0.89 -0.03 0.03 0.97 -0.03 0.03 418 nan nan 212 -31 31 nan nan nan nan nan nan 0.037 -0.007 0.014 nan nan nan 179 -36 46
NGC~5098 0.96 -0.04 0.04 1.05 -0.03 0.02 398 -33.0 17.0 195 -13 17 2.0 -0.46 0.28 0.108 -0.012 0.021 0.048 -0.004 0.006 217.0 -43.0 43.0 194 -17 16
NGC~5129 0.76 -0.03 0.03 0.83 -0.02 0.02 384 nan nan 174 -9 7 nan nan nan nan nan nan 0.035 -0.003 0.004 nan nan nan 193 -17 18
NGC~533 1.06 -0.04 0.08 1.21 -0.07 0.06 461 nan nan 207 -29 18 nan nan nan nan nan nan 0.031 -0.004 0.005 nan nan nan 289 -50 44
NGC~6269 1.72 -0.11 0.12 2.16 -0.1 0.08 645 -52.0 50.0 232 -21 27 8.49 -2.01 1.97 0.076 -0.01 0.011 0.044 -0.004 0.003 390.0 -183.0 189.0 406 -40 38
NGC~6338 1.92 -0.07 0.06 2.14 -0.05 0.05 636 nan nan 288 -11 13 nan nan nan nan nan nan 0.053 -0.003 0.003 nan nan nan 334 -23 28
NGC~741 1.27 -0.12 0.08 1.37 -0.12 0.08 510 nan nan 214 -14 20 nan nan nan nan nan nan 0.026 -0.003 0.004 nan nan nan 388 -66 53
RBS~461 1.93 -0.1 0.1 2.17 -0.06 0.06 637 nan nan 318 -27 25 nan nan nan nan nan nan 0.059 -0.006 0.006 nan nan nan 370 -41 43
RXJ~1022+3830 1.94 -0.14 0.2 2.36 -0.12 0.17 631 -41.0 32.0 326 -23 25 8.0 -1.4 1.31 0.075 -0.013 0.007 0.038 -0.005 0.004 655.0 -94.0 89.0 488 -46 72
RXJ~1159 1.84 -0.08 0.14 2.12 -0.1 0.09 630 -30.0 77.0 273 -13 15 8.3 -1.12 3.1 0.065 -0.012 0.007 0.042 -0.003 0.003 800.0 -121.0 200.0 410 -28 35
RXJ~1206-0744 1.91 -0.21 0.2 2.14 -0.21 0.19 624 nan nan 248 -27 28 nan nan nan nan nan nan 0.053 -0.007 0.009 nan nan nan 354 -67 68
UGC~2755 0.76 -0.05 0.05 0.83 -0.05 0.05 384 nan nan 188 -12 11 nan nan nan nan nan nan 0.031 -0.005 0.005 nan nan nan 211 -45 50
UGC~5088 0.81 -0.03 0.03 0.83 -0.03 0.02 364 -19.0 27.0 163 -8 10 1.48 -0.24 0.36 0.049 -0.01 0.008 0.029 -0.003 0.003 414.0 -191.0 91.0 230 -23 23
UGC~842 1.54 -0.12 0.14 1.78 -0.09 0.09 570 -45.0 84.0 276 -29 23 5.6 -1.1 2.6 0.056 -0.014 0.012 0.032 -0.003 0.003 652.0 -149.0 231.0 406 -39 48
