Mass/Data/Chiu_2018.ecsv
# %ECSV 0.9
# ---
# datatype:
# - {name: Name, datatype: string}
# - {name: z, datatype: float64}
# - {name: R500, unit: arcmin, datatype: float64}
# - {name: M500, unit: 1e+14 solMass, datatype: float64}
# - {name: M500err, unit: 1e+14 solMass, datatype: float64}
# - {name: Mgas, unit: 1e+13 solMass, datatype: float64}
# - {name: Mgaserr, unit: 1e+13 solMass, datatype: float64}
# - {name: Mstar, unit: 1e+12 solMass, datatype: float64}
# - {name: Mstarerr, unit: 1e+12 solMass, datatype: float64}
# - {name: Mbar, unit: 1e+13 solMass, datatype: float64}
# - {name: Mbarerr, unit: 1e+13 solMass, datatype: float64}
# - {name: fc, datatype: float64}
# - {name: fcerr, datatype: float64}
# schema: astropy-2.0
Name z R500 M500 M500err Mgas Mgaserr Mstar Mstarerr Mbar Mbarerr fc fcerr
SPT-CL~J0000$-$5748 0.702 2.07 4.13 0.59 3.99 0.23 3.34 0.51 4.33 0.24 0.077 0.012
SPT-CL~J0013$-$4906 0.406 3.46 5.94 0.78 6.77 0.19 3.37 0.58 7.11 0.2 0.047 0.008
SPT-CL~J0014$-$4952 0.752 2.07 4.74 0.66 6.69 0.15 4.76 0.74 7.17 0.17 0.066 0.01
SPT-CL~J0033$-$6326 0.597 2.35 4.3 0.64 4.88 0.16 4.44 0.78 5.32 0.18 0.083 0.014
SPT-CL~J0037$-$5047 1.026 1.56 3.73 0.59 2.35 0.19 2.74 0.61 2.62 0.2 0.104 0.022
SPT-CL~J0040$-$4407 0.35 4.33 8.25 1.0 8.34 0.26 4.69 0.63 8.81 0.26 0.053 0.007
SPT-CL~J0058$-$6145 0.826 1.85 4.06 0.61 4.42 0.15 3.08 0.58 4.73 0.16 0.065 0.012
SPT-CL~J0102$-$4603 0.722 2.04 4.16 0.64 4.04 0.14 4.82 0.56 4.52 0.15 0.107 0.012
SPT-CL~J0102$-$4915 0.87 2.52 11.36 1.34 22.5 0.21 9.8 1.01 23.48 0.24 0.042 0.004
SPT-CL~J0106$-$5943 0.348 3.76 5.33 0.73 5.67 0.13 4.68 1.49 6.13 0.2 0.076 0.022
SPT-CL~J0123$-$4821 0.62 2.25 4.09 0.65 4.58 0.09 4.5 0.58 5.03 0.11 0.09 0.011
SPT-CL~J0142$-$5032 0.73 2.15 5.02 0.68 5.55 0.27 3.64 0.62 5.92 0.28 0.061 0.01
SPT-CL~J0151$-$5954 1.035 1.58 3.91 0.59 5.07 0.14 4.58 0.73 5.52 0.16 0.083 0.012
SPT-CL~J0156$-$5541 1.221 1.38 3.49 0.55 4.17 0.15 2.01 0.36 4.37 0.16 0.046 0.008
SPT-CL~J0200$-$4852 0.498 2.67 4.31 0.65 5.0 0.17 4.39 0.61 5.44 0.18 0.081 0.011
SPT-CL~J0212$-$4657 0.655 2.33 5.15 0.69 6.43 0.22 3.37 0.62 6.77 0.23 0.05 0.009
SPT-CL~J0217$-$5245 0.343 3.46 4.01 0.66 4.99 0.13 4.49 0.85 5.44 0.16 0.083 0.014
SPT-CL~J0232$-$4421 0.284 5.35 9.46 1.13 12.88 0.17 6.88 0.9 13.57 0.19 0.051 0.006
SPT-CL~J0232$-$5257 0.556 2.54 4.71 0.67 5.91 0.21 3.8 0.57 6.29 0.22 0.06 0.009
SPT-CL~J0234$-$5831 0.415 3.54 6.7 0.83 7.23 0.2 3.6 0.56 7.59 0.21 0.047 0.007
SPT-CL~J0235$-$5121 0.278 4.53 5.44 0.74 6.95 0.15 4.38 0.65 7.39 0.17 0.059 0.008
SPT-CL~J0236$-$4938 0.334 3.44 3.69 0.67 3.84 0.07 3.15 0.57 4.15 0.09 0.076 0.013
SPT-CL~J0243$-$5930 0.635 2.23 4.18 0.62 5.27 0.16 3.83 0.61 5.66 0.17 0.068 0.01
SPT-CL~J0252$-$4824 0.421 3.01 4.24 0.66 4.67 0.14 2.28 0.42 4.89 0.14 0.047 0.008
SPT-CL~J0256$-$5617 0.58 2.36 4.15 0.62 5.43 0.13 3.96 0.6 5.83 0.15 0.068 0.01
SPT-CL~J0304$-$4401 0.458 3.34 6.99 0.87 9.77 0.24 5.59 0.73 10.33 0.25 0.054 0.007
SPT-CL~J0304$-$4921 0.392 3.62 6.26 0.81 7.06 0.14 3.49 0.49 7.41 0.15 0.047 0.006
SPT-CL~J0307$-$5042 0.55 2.55 4.64 0.66 5.37 0.14 5.5 0.76 5.92 0.16 0.093 0.012
SPT-CL~J0307$-$6225 0.579 2.43 4.49 0.64 5.74 0.2 2.81 0.48 6.02 0.2 0.047 0.008
SPT-CL~J0310$-$4647 0.709 2.03 3.98 0.62 4.19 0.23 3.04 0.54 4.49 0.24 0.068 0.012
SPT-CL~J0324$-$6236 0.73 2.07 4.46 0.63 4.94 0.13 5.13 0.74 5.45 0.15 0.094 0.012
SPT-CL~J0330$-$5228 0.442 3.19 5.63 0.74 11.29 0.18 3.48 0.56 11.64 0.19 0.03 0.005
SPT-CL~J0334$-$4659 0.485 2.83 4.85 0.67 5.57 0.14 2.1 0.41 5.78 0.15 0.036 0.007
SPT-CL~J0346$-$5439 0.53 2.65 4.82 0.66 5.87 0.14 4.29 0.65 6.3 0.16 0.068 0.01
SPT-CL~J0348$-$4515 0.358 3.66 5.27 0.71 5.08 0.17 4.39 0.66 5.52 0.19 0.079 0.011
SPT-CL~J0352$-$5647 0.67 2.1 3.9 0.61 4.65 0.16 3.11 0.51 4.96 0.17 0.063 0.01
SPT-CL~J0406$-$4805 0.737 2.02 4.21 0.61 5.22 0.17 4.6 0.79 5.68 0.18 0.081 0.013
SPT-CL~J0411$-$4819 0.424 3.5 6.79 0.84 9.02 0.13 5.54 0.75 9.58 0.15 0.058 0.007
SPT-CL~J0417$-$4748 0.581 2.7 6.23 0.78 7.44 0.2 4.53 0.69 7.89 0.21 0.057 0.008
SPT-CL~J0426$-$5455 0.63 2.31 4.58 0.64 5.41 0.14 4.71 0.71 5.88 0.16 0.08 0.011
SPT-CL~J0438$-$5419 0.421 3.82 8.68 1.04 11.27 0.22 5.96 0.67 11.87 0.23 0.05 0.005
SPT-CL~J0441$-$4855 0.79 1.94 4.31 0.61 4.88 0.12 5.01 0.77 5.38 0.14 0.093 0.013
SPT-CL~J0446$-$5849 1.186 1.4 3.5 0.54 2.87 0.31 4.22 0.77 3.29 0.32 0.128 0.024
SPT-CL~J0449$-$4901 0.792 1.95 4.41 0.62 4.96 0.16 4.24 0.69 5.39 0.18 0.079 0.012
SPT-CL~J0456$-$5116 0.562 2.49 4.51 0.64 5.17 0.09 3.64 0.6 5.53 0.11 0.066 0.01
SPT-CL~J0509$-$5342 0.461 2.87 4.51 0.64 5.48 0.16 1.7 0.34 5.65 0.16 0.03 0.006
SPT-CL~J0516$-$5430 0.295 4.45 5.97 0.76 10.9 0.13 6.43 0.97 11.54 0.17 0.056 0.008
SPT-CL~J0522$-$4818 0.296 3.67 3.38 0.73 3.67 0.08 3.3 0.57 4.0 0.1 0.083 0.013
SPT-CL~J0528$-$5300 0.768 1.83 3.45 0.57 2.99 0.1 3.82 0.62 3.37 0.11 0.113 0.017
SPT-CL~J0533$-$5005 0.881 1.7 3.6 0.56 2.43 0.15 2.43 0.56 2.67 0.16 0.091 0.02
SPT-CL~J0542$-$4100 0.642 2.29 4.65 0.68 5.62 0.13 3.78 0.56 6.0 0.14 0.063 0.009
SPT-CL~J0546$-$5345 1.066 1.64 4.58 0.6 6.2 0.15 7.23 0.94 6.92 0.18 0.104 0.012
SPT-CL~J0551$-$5709 0.423 3.05 4.45 0.64 6.09 0.11 3.86 0.53 6.47 0.12 0.06 0.008
SPT-CL~J0555$-$6406 0.345 4.03 6.43 0.82 8.56 0.19 nan nan nan nan nan nan
SPT-CL~J0559$-$5249 0.609 2.44 5.04 0.67 6.99 0.09 5.84 0.79 7.57 0.12 0.077 0.01
SPT-CL~J0616$-$5227 0.684 2.06 4.19 0.47 5.02 0.18 6.24 1.26 5.65 0.22 0.111 0.02
SPT-CL~J0655$-$5234 0.47 2.83 4.53 0.67 4.42 0.22 nan nan nan nan nan nan
SPT-CL~J0658$-$5556 0.296 5.71 12.71 1.51 22.69 0.17 nan nan nan nan nan nan
SPT-CL~J2011$-$5725 0.279 3.85 3.36 0.65 3.61 0.07 nan nan nan nan nan nan
SPT-CL~J2031$-$4037 0.342 4.36 7.95 0.97 10.31 0.18 nan nan nan nan nan nan
SPT-CL~J2034$-$5936 0.919 1.73 4.08 0.58 5.54 0.13 3.33 0.57 5.87 0.14 0.057 0.009
SPT-CL~J2035$-$5251 0.528 2.76 5.39 0.73 5.9 0.19 8.53 0.86 6.76 0.21 0.126 0.012
SPT-CL~J2043$-$5035 0.723 2.03 4.17 0.64 5.72 0.1 4.01 0.66 6.12 0.12 0.066 0.01
SPT-CL~J2106$-$5844 1.132 1.83 7.14 0.85 10.56 0.21 8.53 1.04 11.41 0.23 0.075 0.009
SPT-CL~J2135$-$5726 0.427 3.2 5.26 0.7 5.29 0.19 5.09 0.59 5.8 0.2 0.088 0.01
SPT-CL~J2145$-$5644 0.48 3.03 5.82 0.75 8.28 0.17 4.17 0.62 8.7 0.18 0.048 0.007
SPT-CL~J2146$-$4633 0.933 1.82 4.89 0.66 5.94 0.13 4.22 0.71 6.36 0.15 0.066 0.011
SPT-CL~J2148$-$6116 0.571 2.38 4.07 0.61 5.33 0.12 4.88 1.53 5.82 0.2 0.084 0.024
SPT-CL~J2218$-$4519 0.65 2.28 4.7 0.66 5.6 0.13 5.35 0.73 6.14 0.15 0.087 0.011
SPT-CL~J2222$-$4834 0.652 2.28 4.77 0.66 5.12 0.15 3.07 0.54 5.42 0.16 0.057 0.009
SPT-CL~J2232$-$5959 0.594 2.45 4.87 0.69 5.35 0.16 6.82 1.05 6.04 0.19 0.113 0.016
SPT-CL~J2233$-$5339 0.48 2.85 4.8 0.69 6.13 0.23 4.21 0.6 6.55 0.23 0.064 0.009
SPT-CL~J2236$-$4555 1.162 1.46 3.8 0.56 3.88 0.13 4.28 0.61 4.3 0.15 0.099 0.013
SPT-CL~J2245$-$6206 0.58 2.47 4.75 0.67 7.4 0.16 7.87 1.21 8.18 0.2 0.096 0.013
SPT-CL~J2248$-$4431 0.351 5.04 13.05 1.54 21.15 0.22 8.62 0.88 22.01 0.24 0.039 0.004
SPT-CL~J2258$-$4044 0.826 2.0 5.18 0.68 5.47 0.19 nan nan nan nan nan nan
SPT-CL~J2259$-$6057 0.75 2.1 4.93 0.67 5.65 0.11 4.11 0.57 6.06 0.13 0.068 0.009
SPT-CL~J2301$-$4023 0.73 2.05 4.37 0.63 2.81 0.13 2.49 0.56 3.06 0.14 0.081 0.017
SPT-CL~J2306$-$6505 0.53 2.69 5.04 0.69 6.7 0.17 5.16 0.64 7.21 0.18 0.072 0.008
SPT-CL~J2325$-$4111 0.358 3.9 6.33 0.81 8.57 0.24 8.64 1.04 9.44 0.26 0.092 0.01
SPT-CL~J2331$-$5051 0.576 2.51 4.89 0.65 5.38 0.16 4.68 0.63 5.85 0.17 0.08 0.01
SPT-CL~J2332$-$5053 0.56 2.08 2.63 0.58 2.38 0.2 4.35 0.81 2.82 0.22 0.154 0.027
SPT-CL~J2335$-$4544 0.547 2.69 5.37 0.71 7.64 0.19 6.25 0.85 8.26 0.21 0.076 0.01
SPT-CL~J2337$-$5942 0.775 2.31 7.05 0.85 8.22 0.34 6.51 0.92 8.87 0.35 0.073 0.01
SPT-CL~J2341$-$5119 1.003 1.74 4.94 0.63 5.77 0.15 5.05 0.82 6.27 0.17 0.081 0.012
SPT-CL~J2342$-$5411 1.075 1.51 3.7 0.53 2.76 0.1 3.08 0.68 3.07 0.12 0.1 0.02
SPT-CL~J2344$-$4243 0.596 3.07 9.6 1.14 13.82 0.14 7.56 1.03 14.58 0.18 0.052 0.007
SPT-CL~J2345$-$6405 0.937 1.78 4.65 0.63 4.87 0.24 5.06 0.91 5.38 0.25 0.094 0.016
SPT-CL~J2352$-$4657 0.734 2.0 4.09 0.62 3.66 0.14 5.63 0.85 4.23 0.16 0.133 0.018
SPT-CL~J2355$-$5055 0.32 3.58 3.78 0.61 4.06 0.08 2.75 0.58 4.33 0.1 0.063 0.013
SPT-CL~J2359$-$5009 0.775 1.82 3.44 0.55 3.11 0.09 nan nan nan nan nan nan
