Mass/Data/Lagana_2013_cluster.ecsv
# %ECSV 0.9
# ---
# datatype:
# - {name: Name, datatype: string}
# - {name: z, datatype: float64}
# - {name: R2500, unit: kpc / littleh, datatype: float64}
# - {name: R500, unit: kpc / littleh, datatype: float64}
# - {name: T, unit: keV, datatype: float64}
# - {name: Terr, unit: keV, datatype: float64}
# - {name: Mgas2500, unit: 1e+13 solMass, datatype: float64}
# - {name: Mgas2500err, unit: 1e+13 solMass, datatype: float64}
# - {name: Mgas500, unit: 1e+13 solMass, datatype: float64}
# - {name: Mgas500err, unit: 1e+13 solMass, datatype: float64}
# - {name: Mtot2500, unit: 1e+14 solMass, datatype: float64}
# - {name: Mtot2500err, unit: 1e+14 solMass, datatype: float64}
# - {name: Mtot500, unit: 1e+14 solMass, datatype: float64}
# - {name: Mtot500err, unit: 1e+14 solMass, datatype: float64}
# - {name: Mstar2500, unit: 1e+13 solMass, datatype: float64}
# - {name: Mstar2500err, unit: 1e+13 solMass, datatype: float64}
# - {name: Mstar500, unit: 1e+13 solMass, datatype: float64}
# - {name: Mstar500err, unit: 1e+13 solMass, datatype: float64}
# schema: astropy-2.0
Name z R2500 R500 T Terr Mgas2500 Mgas2500err Mgas500 Mgas500err Mtot2500 Mtot2500err Mtot500 Mtot500err Mstar2500 Mstar2500err Mstar500 Mstar500err
MS0015.9+1609 0.54 445.6 1092.6 8.3 0.5 3.34 0.17 12.9 0.6 2.26 0.14 6.67 0.4 nan nan nan nan
RXJ0027.6+2616 0.37 328.4 914.8 4.8 1.0 0.78 0.14 4.5 0.8 0.74 0.15 3.19 0.66 nan nan nan nan
CLJ0030+2618 0.5 291.2 811.4 4.1 1.7 0.6 0.21 3.1 1.1 0.6 0.25 2.6 1.08 nan nan nan nan
MS0015.9+1609 0.54 445.6 1092.6 8.3 0.5 3.34 0.17 12.9 0.6 2.26 0.14 6.67 0.4 nan nan nan nan
RXJ0027.6+2616 0.37 328.4 914.8 4.8 1.0 0.78 0.14 4.5 0.8 0.74 0.15 3.19 0.66 nan nan nan nan
CLJ0030+2618 0.5 291.2 811.4 4.1 1.7 0.6 0.21 3.1 1.1 0.6 0.25 2.6 1.08 nan nan nan nan
A68 0.26 559.6 1352.7 7.8 1.0 2.98 0.32 8.8 0.9 3.22 0.41 9.1 1.17 nan nan nan nan
A115 0.2 429.4 1035.7 6.7 1.0 1.45 0.18 6.5 0.8 1.37 0.2 3.84 0.57 0.14 0.04 0.81 0.24
A209 0.21 479.9 1213.1 7.4 0.5 2.23 0.13 9.7 0.5 1.93 0.13 6.22 0.42 nan nan nan nan
CLJ0152.7-1357S 0.83 239.7 625.3 4.9 1.1 0.5 0.09 3.0 0.6 0.5 0.11 1.77 0.4 nan nan nan nan
A267 0.23 404.3 953.3 4.4 0.5 1.61 0.15 5.2 0.5 1.18 0.13 3.1 0.35 0.25 0.07 0.55 0.16
CLJ0152.7-1357N 0.83 239.0 621.1 4.9 0.9 0.53 0.08 3.2 0.5 0.49 0.09 1.73 0.32 nan nan nan nan
MACSJ0159.8-0849 0.41 570.7 1296.3 10.2 0.9 4.09 0.3 11.5 0.8 4.05 0.36 9.49 0.84 nan nan nan nan
CLJ0216-1747 0.58 318.9 849.9 5.6 3.8 0.47 0.27 2.4 1.4 0.87 0.59 3.28 2.22 nan nan nan nan
RXJ0232.2-4420 0.28 539.0 1317.5 8.0 1.4 3.58 0.52 11.2 1.6 2.97 0.52 8.68 1.52 nan nan nan nan
MACSJ0242.5-2132 0.31 439.9 985.5 5.5 0.7 2.14 0.23 5.7 0.6 1.67 0.21 3.76 0.48 nan nan nan nan
A383 0.19 425.1 971.2 4.5 0.3 1.4 0.08 4.0 0.2 1.31 0.09 3.13 0.21 0.22 0.07 0.49 0.15
MACSJ0257.6-2209 0.32 455.5 1199.4 6.7 0.9 1.99 0.22 7.6 0.9 1.87 0.25 6.83 0.92 nan nan nan nan
MS0302.7+1658 0.42 308.9 697.8 3.3 0.8 0.82 0.17 2.5 0.5 0.66 0.16 1.51 0.37 nan nan nan nan
CLJ0318-0302 0.37 435.4 1030.8 5.4 1.7 1.31 0.34 3.8 1.0 1.73 0.54 4.58 1.44 nan nan nan nan
MACSJ0329.6-0211 0.45 349.9 839.6 4.5 0.5 1.74 0.16 5.7 0.5 0.98 0.11 2.72 0.3 nan nan nan nan
MACSJ0404.6+1109 0.36 343.1 834.5 5.5 0.7 0.84 0.09 4.5 0.5 0.83 0.11 2.39 0.3 nan nan nan nan
MACSJ0429.6-0253 0.4 456.1 1065.8 6.5 0.7 2.27 0.2 6.5 0.6 2.05 0.22 5.24 0.56 nan nan nan nan
RXJ0439.0+0715 0.23 440.1 1169.6 5.3 0.4 2.05 0.13 7.3 0.5 1.52 0.12 5.72 0.43 nan nan nan nan
RXJ0439+0520 0.21 387.7 848.8 3.9 0.4 1.15 0.1 3.1 0.3 1.02 0.1 2.14 0.22 nan nan nan nan
MACSJ0451.9+0006 0.43 363.0 892.7 5.0 1.1 1.5 0.27 5.9 1.1 1.07 0.24 3.19 0.7 nan nan nan nan
A521 0.55 292.4 906.2 4.8 0.2 0.67 0.02 6.8 0.2 0.46 0.02 2.73 0.11 nan nan nan nan
A520 0.25 447.1 1251.2 6.5 0.3 2.02 0.08 10.3 0.4 1.55 0.07 6.78 0.31 nan nan nan nan
MS0451.6-0305 0.2 447.1 1148.9 7.6 1.2 3.6 0.47 12.6 1.7 2.31 0.36 7.83 1.24 nan nan nan nan
CLJ0522-3625 0.47 318.7 845.2 4.3 1.4 0.6 0.16 2.8 0.7 0.76 0.25 2.84 0.93 nan nan nan nan
CLJ0542.8-4100 0.64 346.4 872.4 6.2 1.0 1.11 0.15 4.8 0.7 1.2 0.19 3.83 0.62 nan nan nan nan
MACSJ0647.7+7015 0.58 533.6 1231.0 11.3 2.1 3.88 0.6 11.8 1.8 4.09 0.76 10.04 1.86 nan nan nan nan
1E0657-56 0.3 692.9 1722.6 11.7 0.5 8.57 0.31 25.0 0.9 6.4 0.27 19.66 0.84 nan nan nan nan
MACSJ0717.5+3745 0.55 400.9 1513.0 10.6 1.0 2.77 0.22 24.4 1.9 1.66 0.16 17.81 1.68 nan nan nan nan
A586 0.17 557.8 1265.8 7.6 0.8 2.45 0.22 6.9 0.6 2.91 0.31 6.81 0.72 0.2 0.06 2.97 0.89
MACSJ0744.9+3927 0.7 392.2 1017.6 8.1 0.7 2.6 0.19 10.3 0.7 1.86 0.16 6.49 0.56 nan nan nan nan
A665 0.18 481.6 1357.3 7.8 0.4 2.39 0.1 12.6 0.5 1.9 0.1 8.5 0.44 0.43 0.13 0.58 0.17
A697 0.28 578.7 1455.7 10.2 0.8 4.34 0.28 16.1 1.1 3.67 0.29 11.68 0.92 0.34 0.11 0.7 0.21
CLJ0848.7+4456 0.57 199.7 460.7 2.0 0.2 0.19 0.02 0.8 0.1 0.21 0.02 0.52 0.05 nan nan nan nan
ZWCLJ1953 0.32 441.9 1057.0 6.1 0.6 1.96 0.16 6.8 0.6 1.71 0.17 4.67 0.46 nan nan nan nan
CLJ0853+5759 0.48 298.5 943.1 5.1 1.5 0.42 0.1 3.1 0.8 0.63 0.18 3.97 1.17 nan nan nan nan
MS0906.5+1110 0.18 405.7 923.0 4.7 0.3 1.28 0.07 4.4 0.2 1.13 0.07 2.67 0.17 0.28 0.09 0.92 0.31
RXJ0910+5422 1.11 161.6 524.9 2.7 1.9 0.2 0.12 1.3 0.8 0.21 0.15 1.45 1.02 nan nan nan nan
A773 0.22 506.2 1306.3 7.4 0.4 2.52 0.11 9.6 0.4 2.29 0.12 7.86 0.42 0.2 0.06 0.8 0.24
A781 0.3 332.0 984.4 5.5 0.5 0.85 0.06 6.6 0.5 0.71 0.06 3.68 0.33 0.3 0.1 0.6 0.18
CLJ0926+1242 0.49 306.2 804.2 4.5 1.0 0.61 0.11 2.9 0.5 0.69 0.15 2.5 0.56 nan nan nan nan
RBS797 0.35 509.5 1139.7 7.3 1.0 3.3 0.38 8.1 0.9 2.72 0.37 6.08 0.83 nan nan nan nan
MACSJ0949.8+1708 0.38 457.2 1057.7 7.3 0.9 2.59 0.27 9.0 0.9 2.03 0.25 5.03 0.62 nan nan nan nan
CLJ0956+4107 0.59 278.8 792.9 4.0 0.7 0.61 0.09 3.2 0.5 0.58 0.1 2.69 0.47 nan nan nan nan
A907 0.15 471.0 1063.7 5.4 0.2 1.79 0.06 5.2 0.2 1.72 0.06 3.97 0.15 nan nan nan nan
MS1006.0+1202 0.22 469.4 1122.1 6.0 0.5 1.58 0.11 5.4 0.4 1.83 0.15 5.01 0.42 nan nan nan nan
MS1008.1-1224 0.3 353.4 997.7 4.6 0.4 1.13 0.08 5.5 0.4 0.85 0.07 3.84 0.33 nan nan nan nan
ZW3146 0.29 561.6 1267.8 7.8 0.4 4.18 0.18 10.1 0.4 3.39 0.17 7.79 0.4 nan nan nan nan
CLJ1113.1-2615 0.73 262.2 610.7 3.6 1.3 0.5 0.15 1.8 0.5 0.57 0.21 1.45 0.52 nan nan nan nan
A1204 0.17 383.0 858.1 3.7 0.3 1.1 0.07 3.0 0.2 0.94 0.08 2.12 0.17 0.29 0.09 0.19 0.06
CLJ1117+1745 0.55 245.6 569.4 3.3 0.9 0.29 0.07 1.3 0.3 0.38 0.1 0.95 0.26 nan nan nan nan
CLJ1120+4318 0.56 341.2 906.2 5.2 1.3 1.33 0.28 5.3 1.1 1.09 0.27 4.08 1.02 nan nan nan nan
RXJ1121+2327 0.6 51.5 709.7 3.2 0.3 0.0 0.0 3.0 0.2 0.0 0.0 1.87 0.18 nan nan nan nan
A1240 0.16 111.2 1108.8 3.8 0.3 0.01 0.0 3.6 0.2 0.02 0.0 4.52 0.36 nan nan nan nan
MACSJ1131.8-1955 0.31 501.0 1466.2 9.5 1.8 2.88 0.45 15.5 2.4 2.45 0.46 12.27 2.33 nan nan nan nan
MS1137.5+6625 0.78 368.7 853.6 6.5 1.4 1.46 0.26 4.2 0.8 1.71 0.37 4.24 0.91 nan nan nan nan
MACSJ1149.5+2223 0.55 402.8 1044.2 8.5 1.1 2.32 0.25 12.2 1.3 1.68 0.22 5.85 0.76 nan nan nan nan
A1413 0.14 556.4 1330.7 7.1 0.3 2.84 0.1 8.4 0.3 2.81 0.12 7.69 0.32 0.42 0.13 0.74 0.22
CLJ1213+0253 0.41 316.0 809.7 3.9 0.9 0.49 0.09 2.1 0.4 0.69 0.16 2.32 0.54 nan nan nan nan
RXJ1221+4918 0.7 302.2 789.3 5.9 0.7 0.85 0.08 4.6 0.5 0.85 0.1 3.04 0.36 nan nan nan nan
CLJ1226.9+3332 0.89 436.8 1029.6 10.0 1.9 3.08 0.49 8.7 1.4 3.23 0.61 8.46 1.61 nan nan nan nan
RXJ1234.2+0947 0.23 382.0 1477.9 7.6 2.4 0.73 0.19 8.3 2.2 1.0 0.31 11.53 3.64 0.23 0.08 0.47 0.14
RDCS1252-29 1.24 195.2 503.3 4.6 0.9 0.33 0.05 1.7 0.3 0.43 0.08 1.47 0.29 nan nan nan nan
A1682 0.23 388.0 939.2 5.8 2.0 1.15 0.33 5.6 1.6 1.05 0.36 2.98 1.03 0.2 0.06 0.52 0.16
MACSJ1311.0-0310 0.49 450.6 1030.4 6.5 0.8 2.01 0.21 5.1 0.5 2.21 0.27 5.29 0.65 nan nan nan nan
A1689 0.18 619.6 1487.5 8.4 0.4 4.56 0.18 12.0 0.5 4.05 0.19 11.2 0.53 0.58 0.17 1.17 0.35
RXJ1317.4+2911 0.81 161.2 418.9 2.2 0.8 0.11 0.03 0.7 0.2 0.15 0.05 0.51 0.19 nan nan nan nan
CLJ1334+5031 0.62 324.4 742.2 5.2 2.1 0.89 0.3 3.3 1.1 0.96 0.39 2.3 0.93 nan nan nan nan
A1763 0.22 496.4 1328.3 8.1 0.5 2.45 0.13 11.5 0.6 2.17 0.13 8.32 0.51 0.25 0.07 0.79 0.24
RXJ1347.5-1145 0.45 672.0 1524.6 14.2 1.4 7.95 0.65 20.2 1.7 6.97 0.69 16.28 1.61 nan nan nan nan
RXJ1350.0+6007 0.8 240.6 602.6 4.5 1.0 0.41 0.08 2.2 0.4 0.49 0.11 1.53 0.34 nan nan nan nan
CLJ1354-0221 0.55 228.7 585.3 3.1 0.9 0.3 0.07 1.7 0.4 0.31 0.09 1.03 0.3 nan nan nan nan
CLJ1415.1+3612 1.03 229.7 574.1 4.3 0.6 0.64 0.07 2.7 0.3 0.55 0.08 1.73 0.24 nan nan nan nan
RXJ1416+4446 0.4 321.9 793.7 3.9 0.5 0.78 0.08 3.0 0.3 0.72 0.09 2.17 0.28 nan nan nan nan
MACSJ1423.8+2404 0.54 380.1 943.4 6.0 1.0 1.9 0.26 6.4 0.9 1.41 0.23 4.3 0.72 nan nan nan nan
A1914 0.17 623.9 1503.5 8.5 0.6 4.36 0.26 11.7 0.7 4.08 0.29 11.42 0.81 0.38 0.12 0.81 0.24
A1942 0.22 337.6 818.6 4.2 0.3 0.59 0.04 2.8 0.2 0.68 0.05 1.95 0.14 0.17 0.05 0.51 0.16
MS1455.0+2232 0.26 414.7 930.3 4.7 0.2 1.83 0.06 5.0 0.2 1.31 0.06 2.97 0.13 0.21 0.06 0.33 0.1
RXJ1504-0248 0.22 621.6 1388.6 9.4 1.1 4.4 0.43 10.7 1.0 4.23 0.49 9.43 1.1 0.21 0.08 0.38 0.12
A2034 0.11 499.2 1315.5 6.3 0.2 1.85 0.05 7.3 0.2 1.97 0.06 7.21 0.23 0.07 0.02 1.71 0.5
A2069 0.12 334.1 1173.2 5.9 0.3 0.51 0.02 6.3 0.3 0.59 0.03 5.13 0.26 0.27 0.09 0.22 0.06
RXJ1525+0958 0.12 218.0 687.6 3.5 0.4 0.32 0.03 3.0 0.3 0.26 0.03 1.61 0.18 nan nan nan nan
RXJ1532.9+3021 0.35 476.2 1068.4 6.3 1.0 2.89 0.38 7.2 1.0 2.2 0.35 4.96 0.79 nan nan nan nan
A2111 0.23 441.0 1035.7 6.4 0.7 1.55 0.14 6.3 0.6 1.53 0.17 3.97 0.43 0.28 0.09 0.65 0.19
A2125 0.25 166.1 616.2 2.4 0.2 0.08 0.01 1.5 0.1 0.08 0.01 0.85 0.07 nan nan nan nan
A2163 0.2 722.0 2203.3 15.2 1.2 8.45 0.56 38.7 2.5 6.54 0.52 37.16 2.93 nan nan nan nan
MACSJ1621.3+3810 0.46 422.1 971.9 6.2 0.5 1.87 0.13 5.6 0.4 1.75 0.14 4.28 0.35 nan nan nan nan
MS1621.5+2640 0.43 357.7 1000.7 5.8 0.7 1.05 0.11 6.0 0.6 1.02 0.12 4.47 0.54 nan nan nan nan
A2204 0.15 586.4 1323.8 8.4 0.8 3.78 0.3 10.6 0.8 3.32 0.32 7.64 0.73 nan nan nan nan
A2218 0.18 479.2 1130.0 6.0 0.3 2.08 0.09 7.0 0.3 1.86 0.09 4.87 0.24 nan nan nan nan
CLJ1641+4001 0.46 291.5 742.9 3.5 0.6 0.5 0.07 2.2 0.3 0.58 0.1 1.91 0.33 nan nan nan nan
RXJ1701+6414 0.45 311.5 723.4 4.1 0.5 0.77 0.08 3.0 0.3 0.7 0.08 1.74 0.21 nan nan nan nan
RXJ1716.9+6708 0.81 310.4 731.5 5.7 1.1 1.05 0.17 3.9 0.6 1.06 0.2 2.77 0.53 nan nan nan nan
A2259 0.16 461.6 1117.1 5.2 0.4 1.7 0.11 5.5 0.4 1.64 0.13 4.65 0.36 0.24 0.07 1.5 0.45
RXJ1720.1+2638 0.39 522.0 1178.4 6.8 0.5 2.57 0.16 7.3 0.4 2.37 0.17 5.46 0.4 0.3 0.09 0.56 0.17
MACSJ1720.2+3536 0.16 479.7 1176.6 7.2 0.9 2.62 0.27 8.0 0.8 2.35 0.29 6.95 0.87 nan nan nan nan
A2261 0.22 501.7 1176.8 7.3 0.4 2.9 0.13 9.7 0.4 2.24 0.12 5.79 0.32 0.2 0.06 0.92 0.28
A2294 0.18 550.7 1588.9 8.4 1.1 2.58 0.28 10.4 1.1 2.83 0.37 13.57 1.78 nan nan nan nan
MACSJ1824.3+4309 0.49 267.0 742.4 4.8 1.4 0.39 0.09 2.9 0.7 0.46 0.13 1.96 0.57 nan nan nan nan
MACSJ1931.8-2634 0.35 472.2 1066.4 6.7 1.1 3.13 0.43 8.6 1.2 2.16 0.35 4.97 0.82 nan nan nan nan
RXJ2011.3-5725 0.28 364.8 829.3 3.6 0.4 1.02 0.09 2.9 0.3 0.92 0.1 2.15 0.24 nan nan nan nan
MS2053.7-0449 0.58 291.3 669.0 3.9 0.6 0.62 0.08 2.2 0.3 0.66 0.1 1.61 0.25 nan nan nan nan
MACSJ2129.4-0741 0.59 445.6 1036.3 8.3 1.1 2.83 0.31 9.2 1.0 2.41 0.32 6.06 0.8 nan nan nan nan
RXJ2129.6+0005 0.24 465.5 1264.1 6.2 0.6 2.32 0.19 8.6 0.7 1.81 0.18 7.26 0.7 0.26 0.08 0.6 0.19
A2409 0.15 497.5 1177.1 5.7 0.4 2.12 0.12 6.4 0.4 2.02 0.14 5.35 0.38 0.23 0.07 0.47 0.14
MACSJ2228.5+2036 0.41 463.4 1265.0 8.6 1.4 2.75 0.37 12.9 1.7 2.18 0.36 8.89 1.45 nan nan nan nan
MACSJ2229.7-2755 0.32 402.4 1098.4 5.0 0.9 1.69 0.25 5.9 0.9 1.29 0.23 5.26 0.95 nan nan nan nan
MACSJ2245.0+2637 0.3 425.1 983.6 4.9 0.5 1.86 0.16 5.2 0.4 1.49 0.15 3.68 0.38 nan nan nan nan
RXJ2247+0337 0.2 320.2 769.9 2.9 0.9 0.22 0.06 0.8 0.2 0.57 0.18 1.58 0.49 nan nan nan nan
AS1063 0.35 634.7 1453.2 11.2 1.1 7.16 0.59 19.4 1.6 5.21 0.51 12.52 1.23 nan nan nan nan
CLJ2302.8+0844 0.72 300.9 716.5 5.5 2.4 0.61 0.22 2.5 0.9 0.86 0.38 2.33 1.02 nan nan nan nan
A2631 0.27 468.9 1234.6 6.9 0.8 2.36 0.23 9.9 1.0 1.93 0.22 7.05 0.82 0.28 0.08 0.62 0.19
